9
Functions
18.67
16.42
15.58
13.37
12.44
9.55
7.59
4.42
1.96
Edges
  0.08  0.00  3.80  0.00  2.62  0.00  0.00  5.01  1.37
  4.28  2.16  0.00  2.69  4.82  3.16  0.00  0.00  3.96
  1.52  2.95  2.28  0.00  0.01  2.93  0.00  0.00  0.00
  0.00  0.00  0.90  0.00  0.00  0.00  0.00  0.00  0.00
  0.00  0.00  0.58  3.07  3.18  4.84  0.00  0.89  0.00
  0.00  2.34  0.00  2.80  2.39  0.00  0.00  1.48  4.24
  0.00  0.00  0.00  0.00  0.00  3.93  0.00  0.00  0.00
  0.00  3.25  0.00  3.65  0.00  0.00  4.31  2.58  0.00
  3.57  0.00  0.00  2.25  0.00  4.15  0.00  1.52  0.44

